date,symbol,shares,close,weight
2018-07-02,1216.TW,516000.0,76.9,0.03992250636809806
2018-07-02,1301.TW,355000.0,112.5,0.04018117504047127
2018-07-02,1303.TW,458000.0,87.29999999999998,0.040227355095165666
2018-07-02,1326.TW,329000.0,123.5,0.04087940941863934
2018-07-02,2327.TW,35000.0,1230.0,0.04331266567742819
2018-07-02,2882.TW,743000.0,53.2,0.03976877407273195
2018-07-02,2884.TW,1882000.0,21.05,0.03985781404746952
2018-07-02,2886.TW,1486000.0,26.5,0.03961926740328559
2018-07-02,2912.TW,115000.0,338.5,0.03916501261691256
2018-07-02,3008.TW,8000.0,4560.0,0.036702579417249255
2018-07-02,3163.TWO,926000.0,41.3,0.03847714108326198
2018-07-02,3363.TWO,1451000.0,27.8,0.04058391743467974
2018-07-02,3491.TWO,513000.0,78.09999999999998,0.040309754800600776
2018-07-02,3529.TWO,104000.0,385.0,0.04028430043494134
2018-07-02,4123.TWO,561000.0,72.4,0.04086421728735643
2018-07-02,4979.TWO,1418000.0,27.5,0.039232924462051386
2018-07-02,5347.TWO,573000.0,69.8,0.040239428312079245
2018-07-02,5903.TWO,216000.0,185.0,0.040203812322184215
2018-07-02,6274.TWO,372000.0,110.5,0.04135680453743004
2018-07-02,6415.TW,53000.0,753.0,0.04015250115030155
2018-07-02,6548.TWO,99000.0,399.0,0.039742011775240206
2018-07-02,8415.TWO,1326000.0,30.2,0.040289532162270554
2018-07-03,1216.TW,516000.0,76.59999999999998,0.040248577470483715
2018-07-03,1301.TW,355000.0,113.0,0.0408487584053994
2018-07-03,1303.TW,458000.0,88.0,0.041041215474790414
2018-07-03,1326.TW,329000.0,124.0,0.04154221483003051
2018-07-03,2327.TW,35000.0,1165.0,0.04152083071120929
2018-07-03,2882.TW,743000.0,52.1,0.039418364514534024
2018-07-03,2884.TW,1882000.0,20.95,0.04014909040339641
2018-07-03,2886.TW,1486000.0,26.4,0.03994797785733966
2018-07-03,2912.TW,115000.0,339.5,0.03975664090845833
2018-07-03,3008.TW,8000.0,4530.0,0.036902879337197415
2018-07-03,3163.TWO,926000.0,39.75,0.03748177798242911
2018-07-03,3363.TWO,1451000.0,27.2,0.04018910925433327
2018-07-03,3491.TWO,513000.0,76.29999999999998,0.039857859070878784
2018-07-03,3529.TWO,104000.0,376.5,0.039872216979230185
2018-07-03,4123.TWO,561000.0,70.8,0.04044531136363898
2018-07-03,4979.TWO,1418000.0,26.25,0.03790335061061895
2018-07-03,5347.TWO,573000.0,69.0,0.04026018599212953
2018-07-03,5903.TWO,216000.0,184.5,0.04058094777444788
2018-07-03,6274.TWO,372000.0,105.5,0.039963863202749715
2018-07-03,6415.TW,53000.0,761.0,0.041070745924591145
2018-07-03,6548.TWO,99000.0,399.0,0.04022352750272171
2018-07-03,8415.TWO,1326000.0,30.15,0.04071016894961042
2018-07-04,1216.TW,516000.0,77.09999999999998,0.04047034534664296
2018-07-04,1301.TW,355000.0,114.0,0.041168593997995176
2018-07-04,1303.TW,458000.0,88.0,0.04099972850247585
2018-07-04,1326.TW,329000.0,127.0,0.04250425903183179
2018-07-04,2303.TW,2188000.0,17.95,0.03995255897785178
2018-07-04,2327.TW,35000.0,1180.0,0.04201292147559182
2018-07-04,2882.TW,743000.0,51.9,0.03922735288293775
2018-07-04,2884.TW,1882000.0,20.9,0.04001278088950686
2018-07-04,2886.TW,1486000.0,26.5,0.04005876113286514
2018-07-04,2912.TW,115000.0,344.5,0.04030137812492152
2018-07-04,3008.TW,8000.0,4450.0,0.03621452795474742
2018-07-04,3163.TWO,926000.0,38.0,0.035795416002012706
2018-07-04,3363.TWO,1451000.0,27.2,0.040148483643135044
2018-07-04,3491.TWO,513000.0,76.59999999999998,0.03997412493270123
2018-07-04,3529.TWO,104000.0,376.5,0.03983191170213737
2018-07-04,4123.TWO,561000.0,70.8,0.04040442676766916
2018-07-04,5347.TWO,573000.0,69.0,0.04021948853221486
2018-07-04,5903.TWO,216000.0,185.0,0.04064979036718278
2018-07-04,6274.TWO,372000.0,110.0,0.041626361907535527
2018-07-04,6415.TW,53000.0,767.0,0.04135271842383252
2018-07-04,6548.TWO,99000.0,394.5,0.03972967686900669
2018-07-04,8415.TWO,1326000.0,30.1,0.04060157214737787
2018-07-05,1216.TW,516000.0,77.0,0.04093979392975533
2018-07-05,1301.TW,355000.0,113.5,0.041517332299271785
2018-07-05,1303.TW,458000.0,88.0,0.041529181882232424
2018-07-05,1326.TW,329000.0,116.5,0.039493629609297976
2018-07-05,1402.TW,1276000.0,30.9,0.04062696493959441
2018-07-05,2303.TW,2188000.0,17.95,0.04046848964747731
2018-07-05,2327.TW,35000.0,1115.0,0.04021130217730549
2018-07-05,2882.TW,743000.0,51.4,0.03935112549421479
2018-07-05,2884.TW,1882000.0,20.9,0.04052948923976166
2018-07-05,2886.TW,1486000.0,26.5,0.04057606325278957
2018-07-05,2912.TW,115000.0,341.5,0.04046632581058885
2018-07-05,3008.TW,8000.0,4540.0,0.037424074185259074
2018-07-05,3363.TWO,1451000.0,27.0,0.04036792275208961
2018-07-05,3491.TWO,513000.0,76.0,0.040173177432127775
2018-07-05,3529.TWO,104000.0,375.5,0.04023912293730004
2018-07-05,4123.TWO,561000.0,68.2,0.03942325339049695
2018-07-05,5347.TWO,573000.0,66.0,0.03896761116569735
2018-07-05,5903.TWO,216000.0,184.5,0.041063441751953325
2018-07-05,6274.TWO,372000.0,109.5,0.041972253245108566
2018-07-05,6415.TW,53000.0,742.0,0.04052145213131879
2018-07-05,6548.TWO,99000.0,392.0,0.03998770569883078
2018-07-05,8415.TWO,1326000.0,30.1,0.04112588390216331
2018-07-06,1216.TW,516000.0,78.0,0.04148757874056372
2018-07-06,1301.TW,355000.0,109.5,0.04006971537946141
2018-07-06,1303.TW,458000.0,87.09999999999998,0.04112040830855743
2018-07-06,1326.TW,329000.0,113.0,0.03832199649269373
2018-07-06,1402.TW,1276000.0,31.5,0.04143191562060768
2018-07-06,2303.TW,2188000.0,17.6,0.03969481395857235
2018-07-06,2327.TW,35000.0,1175.0,0.042391589040590406
2018-07-06,2882.TW,743000.0,51.0,0.03906004823137003
2018-07-06,2884.TW,1882000.0,20.95,0.040642220876194395
2018-07-06,2886.TW,1486000.0,26.45,0.04051522649881322
2018-07-06,2912.TW,115000.0,346.5,0.04107474393422313
2018-07-06,3008.TW,8000.0,4605.0,0.03797461739222737
2018-07-06,3363.TWO,1451000.0,26.4,0.03948618033858899
2018-07-06,3491.TWO,513000.0,77.7,0.04108773199554621
2018-07-06,3529.TWO,104000.0,374.5,0.04014754066754809
2018-07-06,4123.TWO,561000.0,68.2,0.03943855744707105
2018-07-06,5347.TWO,573000.0,64.5,0.038096767016575335
2018-07-06,5903.TWO,216000.0,185.0,0.04119070876746487
2018-07-06,6274.TWO,372000.0,110.0,0.042180275344461025
2018-07-06,6415.TW,53000.0,744.0,0.040646447150116984
2018-07-06,6548.TWO,99000.0,390.0,0.03979913076856403
2018-07-06,8415.TWO,1326000.0,30.05,0.041073506976001886
2018-07-09,1216.TW,516000.0,78.79999999999998,0.04128368339073164
2018-07-09,1301.TW,355000.0,111.0,0.040008645772138786
2018-07-09,1303.TW,458000.0,87.5,0.04068890951195183
2018-07-09,1326.TW,329000.0,115.5,0.03858161489705336
2018-07-09,1402.TW,1276000.0,32.35,0.04191094747798015
2018-07-09,2303.TW,2188000.0,17.65,0.03920979277141505
2018-07-09,2327.TW,41934.094999999994,1020.0,0.04342801369579546
2018-07-09,2882.TW,743000.0,51.7,0.039001550841511086
2018-07-09,2884.TW,1882000.0,21.05,0.040222979616130625
2018-07-09,2886.TW,1486000.0,26.55,0.040057685680546205
2018-07-09,2912.TW,115000.0,351.5,0.04104173286954143
2018-07-09,3008.TW,8000.0,4920.0,0.0399629564164797
2018-07-09,3363.TWO,1451000.0,26.35,0.03881955490813573
2018-07-09,3491.TWO,513000.0,78.2,0.040731146782961115
2018-07-09,3529.TWO,104000.0,379.5,0.040072610870061504
2018-07-09,4123.TWO,561000.0,72.59999999999998,0.04135252201992466
2018-07-09,5347.TWO,573000.0,68.0,0.03956089008667975
2018-07-09,5903.TWO,216000.0,184.5,0.0404624933716857
2018-07-09,6274.TWO,372000.0,110.0,0.04154685407932798
2018-07-09,6415.TW,53000.0,744.0,0.040036059385534235
2018-07-09,6548.TWO,99000.0,394.5,0.03965379177651989
2018-07-09,8415.TWO,1326000.0,30.45,0.04099523125867063
2018-07-10,1216.TW,516000.0,79.7,0.041786353325285776
2018-07-10,1301.TW,355000.0,112.0,0.040399205553124665
2018-07-10,1303.TW,458000.0,82.7,0.03848552688766302
2018-07-10,1326.TW,329000.0,114.5,0.03827611350072894
2018-07-10,1402.TW,1276000.0,32.05,0.041553265353608544
2018-07-10,2303.TW,2188000.0,17.0,0.0377939851547793
2018-07-10,2327.TW,41934.094999999994,1045.0,0.04452562397260497
2018-07-10,2882.TW,743000.0,51.8,0.039106146473977116
2018-07-10,2884.TW,1882000.0,21.15,0.04044421774643461
2018-07-10,2886.TW,1486000.0,26.7,0.040314058334177186
2018-07-10,2912.TW,115000.0,350.0,0.040897083086349796
2018-07-10,3008.TW,8000.0,4840.0,0.03934248589076929
2018-07-10,3363.TWO,1451000.0,26.45,0.03899595296687862
2018-07-10,3491.TWO,513000.0,78.0,0.04065728900912299
2018-07-10,3529.TWO,104000.0,375.0,0.03962698733832651
2018-07-10,4123.TWO,561000.0,73.59999999999998,0.04195339631806579
2018-07-10,5347.TWO,573000.0,68.3,0.0397650721480516
2018-07-10,5903.TWO,216000.0,185.0,0.04060242087280839
2018-07-10,6274.TWO,372000.0,117.5,0.044412708116878245
2018-07-10,6415.TW,53000.0,737.0,0.03968896801083004
2018-07-10,6548.TWO,99000.0,390.0,0.03923071746494324
2018-07-10,8415.TWO,1326000.0,30.2,0.040688990598993655
2018-07-11,1216.TW,516000.0,80.09999999999998,0.0423586276402425
2018-07-11,1301.TW,355000.0,106.0,0.03856504848837997
2018-07-11,1303.TW,458000.0,83.9,0.03938103285209106
2018-07-11,1326.TW,329000.0,114.0,0.038437967276247126
2018-07-11,1402.TW,1276000.0,31.9,0.041715842670486676
2018-07-11,2303.TW,2188000.0,16.9,0.03789602739740962
2018-07-11,2327.TW,41934.094999999994,965.0,0.04147193044769162
2018-07-11,2882.TW,743000.0,51.2,0.03898687612478224
2018-07-11,2884.TW,1882000.0,21.25,0.04098625303405623
2018-07-11,2886.TW,1486000.0,26.55,0.04043365473097533
2018-07-11,2912.TW,115000.0,353.0,0.041603724246233986
2018-07-11,3008.TW,8000.0,4800.0,0.039354181821785565
2018-07-11,3363.TWO,1451000.0,26.2,0.0389608449732647
2018-07-11,3491.TWO,513000.0,77.79999999999998,0.0409031378219274
2018-07-11,3529.TWO,104000.0,338.0,0.03602547394269287
2018-07-11,4123.TWO,561000.0,78.0,0.044845320004106584
2018-07-11,5347.TWO,573000.0,67.0,0.03934495818542109
2018-07-11,5903.TWO,216000.0,185.5,0.04106362909466938
2018-07-11,6274.TWO,372000.0,120.0,0.04574923636782572
2018-07-11,6415.TW,53000.0,716.0,0.038890950306591635
2018-07-11,6548.TWO,99000.0,390.0,0.03956940000362346
2018-07-11,8415.TWO,1326000.0,30.2,0.0410402625492127
2018-07-12,1216.TW,516000.0,79.5,0.041696414256271595
2018-07-12,1301.TW,355000.0,106.0,0.03824864873637317
2018-07-12,1303.TW,458000.0,84.7,0.0394303622367959
2018-07-12,1326.TW,329000.0,114.0,0.038122610138358014
2018-07-12,1402.TW,1276000.0,32.0,0.04150329059802257
2018-07-12,2303.TW,2188000.0,17.45,0.038808300769172716
2018-07-12,2327.TW,41934.094999999994,1005.0,0.04283662189958452
2018-07-12,2882.TW,743000.0,52.1,0.03934670919956487
2018-07-12,2884.TW,1882000.0,21.65,0.041415165223442615
2018-07-12,2886.TW,1486000.0,26.85,0.04055505343601984
2018-07-12,2912.TW,115000.0,351.0,0.04102861297485259
2018-07-12,3008.TW,8000.0,4930.0,0.0400884056912718
2018-07-12,3363.TWO,1451000.0,26.25,0.03871494072701391
2018-07-12,3491.TWO,513000.0,77.79999999999998,0.04056755565179069
2018-07-12,3529.TWO,104000.0,348.0,0.03678700757552
2018-07-12,4123.TWO,561000.0,80.2,0.045731885561431006
2018-07-12,5347.TWO,573000.0,67.8,0.039488096046209294
2018-07-12,5903.TWO,216000.0,186.0,0.040836505756910134
2018-07-12,6274.TWO,372000.0,120.5,0.04556295318247844
2018-07-12,6415.TW,53000.0,694.0,0.03738670735639856
2018-07-12,6548.TWO,99000.0,394.0,0.03964727059821876
2018-07-12,8415.TWO,1326000.0,30.2,0.040703555364810275
2018-07-13,1216.TW,516000.0,79.29999999999998,0.04140121872681597
2018-07-13,1301.TW,355000.0,110.0,0.039510386210792205
2018-07-13,1303.TW,458000.0,85.0,0.03938897145162972
2018-07-13,1326.TW,329000.0,115.5,0.03844750117329061
2018-07-13,1402.TW,1276000.0,32.1,0.04144249974493123
2018-07-13,2303.TW,2188000.0,17.4,0.0385200464918902
2018-07-13,2327.TW,41934.094999999994,998.0,0.042343626741929576
2018-07-13,2882.TW,743000.0,52.2,0.03924185723511117
2018-07-13,2884.TW,1882000.0,21.8,0.041511301441789966
2018-07-13,2886.TW,1486000.0,27.0,0.04059502472597708
2018-07-13,2912.TW,115000.0,356.0,0.04142266866760135
2018-07-13,3008.TW,8000.0,5040.0,0.040795359078595175
2018-07-13,3363.TWO,1451000.0,26.7,0.039198451458710586
2018-07-13,3491.TWO,513000.0,79.9,0.04147194282402813
2018-07-13,3529.TWO,104000.0,343.5,0.03614517380267198
2018-07-13,4123.TWO,561000.0,82.5,0.04682815492448118
2018-07-13,5347.TWO,573000.0,68.7,0.0398292011325597
2018-07-13,5903.TWO,216000.0,187.0,0.04086820793409267
2018-07-13,6274.TWO,372000.0,116.0,0.04366074739482984
2018-07-13,6415.TW,53000.0,679.0,0.03641127448316976
2018-07-13,6548.TWO,99000.0,394.0,0.03946586746576596
2018-07-13,8415.TWO,1326000.0,30.2,0.04051731928011309
2018-07-16,1216.TW,516000.0,79.0,0.041178636363971746
2018-07-16,1301.TW,355000.0,108.5,0.038909285795046655
2018-07-16,1303.TW,458000.0,84.5,0.03909465228932565
2018-07-16,1326.TW,329000.0,114.5,0.03805367042363354
2018-07-16,1402.TW,1276000.0,31.7,0.04086063433454926
2018-07-16,2303.TW,2188000.0,17.25,0.03812690786687729
2018-07-16,2327.TW,41934.094999999994,962.0,0.040750929079223584
2018-07-16,2882.TW,743000.0,52.0,0.03902899113331401
2018-07-16,2884.TW,1882000.0,21.7,0.04125480330494524
2018-07-16,2886.TW,1486000.0,26.8,0.04022988316818522
2018-07-16,2912.TW,115000.0,350.0,0.040659408145664384
2018-07-16,3008.TW,8000.0,5040.0,0.040730120159830754
2018-07-16,3363.TWO,1451000.0,27.0,0.03957549398565698
2018-07-16,3491.TWO,513000.0,84.09999999999998,0.043582137725486754
2018-07-16,3529.TWO,104000.0,344.5,0.036192429193611514
2018-07-16,4123.TWO,561000.0,90.7,0.051400260046047135
2018-07-16,5347.TWO,573000.0,69.5,0.04022856994506498
2018-07-16,5903.TWO,216000.0,188.0,0.041021049589543834
2018-07-16,6274.TWO,372000.0,114.5,0.043027250448606925
2018-07-16,6415.TW,53000.0,664.0,0.03554996003632847
2018-07-16,6548.TWO,99000.0,391.5,0.03915273715810517
2018-07-16,8415.TWO,1326000.0,30.3,0.040586473753909925
2018-07-17,1216.TW,516000.0,79.4,0.041536620488355006
2018-07-17,1301.TW,355000.0,107.0,0.03850996156371832
2018-07-17,1303.TW,458000.0,84.09999999999998,0.039050124984046045
2018-07-17,1326.TW,329000.0,112.5,0.03752402138678752
2018-07-17,1402.TW,1276000.0,32.0,0.041396307768059665
2018-07-17,2303.TW,2188000.0,17.25,0.03826461706724814
2018-07-17,2327.TW,41934.094999999994,904.0,0.03843232511623057
2018-07-17,2882.TW,743000.0,52.2,0.039320612222303264
2018-07-17,2884.TW,1882000.0,21.7,0.04140381003778644
2018-07-17,2886.TW,1486000.0,26.95,0.04060116855904494
2018-07-17,2912.TW,115000.0,347.5,0.0405147910751637
2018-07-17,3008.TW,8000.0,4995.0,0.040512256524580334
2018-07-17,3363.TWO,1451000.0,26.85,0.0394977773080808
2018-07-17,3491.TWO,513000.0,82.29999999999998,0.042803388869923145
2018-07-17,3529.TWO,104000.0,337.5,0.035585090190509754
2018-07-17,4123.TWO,561000.0,90.4,0.051415284842096516
2018-07-17,5347.TWO,573000.0,69.1,0.04014150246524502
2018-07-17,5903.TWO,216000.0,186.0,0.04073124169498347
2018-07-17,6274.TWO,372000.0,119.0,0.0448797940898429
2018-07-17,6415.TW,53000.0,667.0,0.03583955906908006
2018-07-17,6548.TWO,99000.0,391.5,0.03929415151421288
2018-07-17,8415.TWO,1326000.0,30.9,0.04153966194905505
2018-07-18,1216.TW,516000.0,82.4,0.04280156825643183
2018-07-18,1301.TW,355000.0,108.5,0.038774022665883784
2018-07-18,1303.TW,458000.0,85.59999999999998,0.03946590001457624
2018-07-18,1326.TW,329000.0,113.5,0.03759019062447198
2018-07-18,1402.TW,1276000.0,33.25,0.04270955954164864
2018-07-18,2303.TW,2188000.0,17.4,0.03832475035288881
2018-07-18,2327.TW,41934.094999999994,860.0,0.03630349978588585
2018-07-18,2882.TW,743000.0,52.7,0.039416875677487175
2018-07-18,2884.TW,1882000.0,21.7,0.0411113862857427
2018-07-18,2886.TW,1486000.0,27.0,0.04038920847408553
2018-07-18,2912.TW,115000.0,350.5,0.040575943885379655
2018-07-18,3008.TW,8000.0,5020.0,0.0404274615502536
2018-07-18,3363.TWO,1451000.0,26.85,0.039218815342327504
2018-07-18,3491.TWO,513000.0,83.5,0.04312078011045538
2018-07-18,3529.TWO,104000.0,334.5,0.035019684571967684
2018-07-18,4123.TWO,561000.0,92.5,0.052238098817144786
2018-07-18,5347.TWO,573000.0,69.0,0.0398003124330771
2018-07-18,5903.TWO,216000.0,189.0,0.04109588372329564
2018-07-18,6274.TWO,372000.0,122.0,0.04568625286346387
2018-07-18,6415.TW,53000.0,670.0,0.03574649301916098
2018-07-18,6548.TWO,99000.0,390.5,0.03891696837156446
2018-07-18,8415.TWO,1326000.0,30.6,0.04084582940434437
2018-07-19,1216.TW,516000.0,82.09999999999998,0.04278541919318274
2018-07-19,1301.TW,355000.0,107.5,0.03854248836170289
2018-07-19,1303.TW,458000.0,83.9,0.03880881405265556
2018-07-19,1326.TW,329000.0,113.0,0.037547175625890036
2018-07-19,1402.TW,1276000.0,31.8,0.04098082782194945
2018-07-19,2303.TW,2188000.0,17.6,0.038892236510269095
2018-07-19,2327.TW,41934.094999999994,892.0,0.03777766070615055
2018-07-19,2882.TW,743000.0,52.4,0.03932086230943599
2018-07-19,2884.TW,1882000.0,21.8,0.041436116488925034
2018-07-19,2886.TW,1486000.0,26.85,0.04029637988581513
2018-07-19,2912.TW,115000.0,349.0,0.040534628768999555
2018-07-19,3008.TW,8000.0,5055.0,0.04084266568875899
2018-07-19,3363.TWO,1451000.0,26.85,0.03934727268796619
2018-07-19,3491.TWO,513000.0,78.59999999999998,0.040723288757888276
2018-07-19,3529.TWO,104000.0,329.0,0.034556692611438615
2018-07-19,4123.TWO,561000.0,92.4,0.052352540942353774
2018-07-19,5347.TWO,573000.0,70.9,0.04103021472482236
2018-07-19,5903.TWO,216000.0,190.0,0.041448639957138204
2018-07-19,6274.TWO,372000.0,119.5,0.04489663354421593
2018-07-19,6415.TW,53000.0,696.0,0.037255298019954045
2018-07-19,6548.TWO,99000.0,386.0,0.03859450115307211
2018-07-19,8415.TWO,1326000.0,30.8,0.041247456500036306
2018-07-20,1216.TW,516000.0,80.79999999999998,0.0422164624954224
2018-07-20,1301.TW,355000.0,107.5,0.03864182184889376
2018-07-20,1303.TW,458000.0,84.0,0.038955209175778334
2018-07-20,1326.TW,329000.0,113.0,0.03764394394697211
2018-07-20,1402.TW,1276000.0,32.2,0.04160325614595133
2018-07-20,2303.TW,2188000.0,17.85,0.03954634171676449
2018-07-20,2327.TW,41934.094999999994,812.0,0.03447815999078373
2018-07-20,2882.TW,743000.0,52.3,0.03934696864838461
2018-07-20,2884.TW,1882000.0,21.9,0.04173347136481193
2018-07-20,2886.TW,1486000.0,26.9,0.040475466793175756
2018-07-20,2912.TW,115000.0,358.0,0.041687096115793146
2018-07-20,3008.TW,8000.0,5270.0,0.04268953053781489
2018-07-20,3363.TWO,1451000.0,26.8,0.03937521907300522
2018-07-20,3491.TWO,513000.0,80.09999999999998,0.04160740764204252
2018-07-20,3529.TWO,104000.0,329.0,0.03464575372110708
2018-07-20,4123.TWO,561000.0,88.7,0.05038569549888628
2018-07-20,5347.TWO,573000.0,70.5,0.040903880938587274
2018-07-20,5903.TWO,216000.0,191.5,0.04188353276010852
2018-07-20,6274.TWO,372000.0,117.5,0.04425899857229338
2018-07-20,6415.TW,53000.0,693.0,0.03719031705700672
2018-07-20,6548.TWO,99000.0,381.5,0.03824287320012955
2018-07-20,8415.TWO,1326000.0,30.85,0.041420894085945154
2018-07-23,1216.TW,516000.0,80.09999999999998,0.04181435585210586
2018-07-23,1301.TW,355000.0,108.5,0.03896738697590918
2018-07-23,1303.TW,458000.0,83.7,0.0387823506916775
2018-07-23,1326.TW,329000.0,114.0,0.037944072588263766
2018-07-23,1402.TW,1276000.0,32.2,0.0415671012437613
2018-07-23,2303.TW,2188000.0,18.25,0.04039739675043888
2018-07-23,2327.TW,41934.094999999994,843.0,0.035763337612660755
2018-07-23,2882.TW,743000.0,52.3,0.03931277455074076
2018-07-23,2884.TW,1882000.0,22.2,0.04226839786611997
2018-07-23,2886.TW,1486000.0,26.95,0.04051545981424335
2018-07-23,2912.TW,115000.0,372.0,0.043279673260969556
2018-07-23,3008.TW,8000.0,5175.0,0.04188355476868021
2018-07-23,3363.TWO,1451000.0,26.85,0.03941439781345849
2018-07-23,3491.TWO,513000.0,75.0,0.03892439057306694
2018-07-23,3529.TWO,104000.0,332.0,0.03493128934910605
2018-07-23,4123.TWO,561000.0,88.79999999999998,0.05039866355556493
2018-07-23,5347.TWO,573000.0,70.1,0.04063645675024176
2018-07-23,5903.TWO,216000.0,191.5,0.041847134286272666
2018-07-23,6274.TWO,372000.0,118.0,0.04440870821560354
2018-07-23,6415.TW,53000.0,690.0,0.03699714004566752
2018-07-23,6548.TWO,99000.0,380.0,0.03805940411588767
2018-07-23,8415.TWO,1326000.0,30.5,0.04091537694467956
2018-07-24,1216.TW,516000.0,80.59999999999998,0.04164565560251665
2018-07-24,1301.TW,355000.0,109.5,0.03892489342068278
2018-07-24,1303.TW,458000.0,84.4,0.03870730053778834
2018-07-24,1326.TW,329000.0,116.0,0.03821543848496849
2018-07-24,1402.TW,1276000.0,32.65,0.041717552376524115
2018-07-24,2303.TW,2188000.0,18.2,0.03987527264366999
2018-07-24,2327.TW,41934.094999999994,893.0,0.03749761912562952
2018-07-24,2882.TW,743000.0,52.1,0.038762474803078185
2018-07-24,2884.TW,1882000.0,22.35,0.04211939325966053
2018-07-24,2886.TW,1486000.0,27.1,0.04032487781817347
2018-07-24,2912.TW,115000.0,367.5,0.042319462555575435
2018-07-24,3008.TW,8000.0,5200.0,0.04165606961992164
2018-07-24,3363.TWO,1451000.0,26.85,0.03901186047949264
2018-07-24,3491.TWO,513000.0,76.4,0.039246025668930595
2018-07-24,3529.TWO,104000.0,338.5,0.035251448915858685
2018-07-24,4123.TWO,561000.0,91.1,0.051175983549814834
2018-07-24,5347.TWO,573000.0,73.7,0.042287018885967614
2018-07-24,5903.TWO,216000.0,195.0,0.042176770490170656
2018-07-24,6274.TWO,372000.0,119.0,0.044327665623430074
2018-07-24,6415.TW,53000.0,690.0,0.03661929004808977
2018-07-24,6548.TWO,99000.0,382.0,0.03786897213668742
2018-07-24,8415.TWO,1326000.0,30.45,0.040431120822660815
2018-07-25,1216.TW,516000.0,79.79999999999998,0.0412999843137712
2018-07-25,1301.TW,355000.0,108.5,0.03863272876487932
2018-07-25,1303.TW,458000.0,83.59999999999998,0.03840334458707628
2018-07-25,1326.TW,329000.0,115.5,0.038113179118609244
2018-07-25,1402.TW,1276000.0,32.2,0.04121011626684882
2018-07-25,2303.TW,2188000.0,18.2,0.03994073010407005
2018-07-25,2327.TW,41934.094999999994,925.0,0.03890507897125996
2018-07-25,2882.TW,743000.0,52.1,0.03882610554441767
2018-07-25,2884.TW,1882000.0,22.45,0.04237729758608527
2018-07-25,2886.TW,1486000.0,27.2,0.04054011788131135
2018-07-25,2912.TW,115000.0,331.0,0.03817887506808934
2018-07-25,3008.TW,8000.0,5225.0,0.04192504867584748
2018-07-25,3363.TWO,1451000.0,26.9,0.03914866764140697
2018-07-25,3491.TWO,513000.0,75.9,0.03905318284155193
2018-07-25,3529.TWO,104000.0,335.5,0.034996382736786374
2018-07-25,4123.TWO,561000.0,92.8,0.05221654483501341
2018-07-25,5347.TWO,573000.0,76.5,0.04396563507611092
2018-07-25,5903.TWO,216000.0,198.0,0.04289594453991974
2018-07-25,6274.TWO,372000.0,116.5,0.04346764974913584
2018-07-25,6415.TW,53000.0,699.0,0.037157829624261285
2018-07-25,6548.TWO,99000.0,383.0,0.038030432312012176
2018-07-25,8415.TWO,1326000.0,30.6,0.04069698576678749
2018-07-26,1216.TW,516000.0,80.7,0.04152692151843149
2018-07-26,1301.TW,355000.0,111.0,0.039296858458300735
2018-07-26,1303.TW,458000.0,84.09999999999998,0.038412093255301
2018-07-26,1326.TW,329000.0,118.0,0.03871545842071187
2018-07-26,1402.TW,1276000.0,32.85,0.04180156572143658
2018-07-26,2303.TW,2188000.0,17.5,0.038184918420716536
2018-07-26,2327.TW,41934.094999999994,915.0,0.03826439662859084
2018-07-26,2882.TW,743000.0,52.1,0.03860406496582563
2018-07-26,2884.TW,1997295.0839999998,21.1,0.04202727087286147
2018-07-26,2886.TW,1486000.0,27.35,0.0405305634094177
2018-07-26,2912.TW,115000.0,335.5,0.03847661569515006
2018-07-26,3008.TW,8000.0,5200.0,0.04148583458610102
2018-07-26,3363.TWO,1451000.0,27.0,0.03906948417258845
2018-07-26,3491.TWO,513000.0,75.9,0.03882984364251537
2018-07-26,3529.TWO,104000.0,327.5,0.03396652706737021
2018-07-26,4123.TWO,561000.0,99.0,0.05538658093936213
2018-07-26,5347.TWO,573000.0,76.09999999999998,0.04348563131916611
2018-07-26,5903.TWO,216000.0,197.0,0.04243522195451371
2018-07-26,6274.TWO,372000.0,119.5,0.04433200218006093
2018-07-26,6415.TW,53000.0,712.0,0.03763243879666125
2018-07-26,6548.TWO,99000.0,379.0,0.03741802883425712
2018-07-26,8415.TWO,1326000.0,30.8,0.04072871810490467
2018-07-27,1216.TW,516000.0,80.7,0.041642175151417285
2018-07-27,1301.TW,355000.0,110.5,0.03922841862751846
2018-07-27,1303.TW,458000.0,84.09999999999998,0.03851870200780142
2018-07-27,1326.TW,329000.0,118.5,0.03898741298379322
2018-07-27,1402.TW,1276000.0,32.25,0.041151963671939636
2018-07-27,2303.TW,2188000.0,17.3,0.03785328642549945
2018-07-27,2327.TW,41934.094999999994,933.0,0.03912542685071896
2018-07-27,2882.TW,743000.0,52.4,0.03893411173561664
2018-07-27,2884.TW,1997295.0839999998,20.95,0.04184431189473399
2018-07-27,2886.TW,1486000.0,27.25,0.040494448274639445
2018-07-27,2912.TW,115000.0,330.5,0.03800839005762304
2018-07-27,3008.TW,8000.0,5260.0,0.04208098542721246
2018-07-27,3363.TWO,1451000.0,26.75,0.03881515895005184
2018-07-27,3491.TWO,513000.0,75.4,0.03868110581087603
2018-07-27,3529.TWO,104000.0,327.5,0.03406079761527701
2018-07-27,4123.TWO,561000.0,98.6,0.05531589535437467
2018-07-27,5347.TWO,573000.0,75.0,0.042976006386275085
2018-07-27,5903.TWO,216000.0,193.5,0.041796978776515496
2018-07-27,6274.TWO,372000.0,119.5,0.04445504102141879
2018-07-27,6415.TW,53000.0,704.0,0.03731287377044086
2018-07-27,6548.TWO,99000.0,385.0,0.03811589257505235
2018-07-27,8415.TWO,1326000.0,30.85,0.04090805796030235
2018-07-30,1216.TW,516000.0,80.7,0.04190819389647753
2018-07-30,1301.TW,355000.0,111.5,0.0398362939806567
2018-07-30,1303.TW,458000.0,84.2,0.03881086102576777
2018-07-30,1326.TW,329000.0,118.5,0.039236472564311814
2018-07-30,1402.TW,1276000.0,32.15,0.041286432703494524
2018-07-30,2303.TW,2188000.0,17.2,0.037874898077444374
2018-07-30,2327.TW,41934.094999999994,840.0,0.03545049217294361
2018-07-30,2882.TW,743000.0,52.2,0.039033278027466124
2018-07-30,2884.TW,1997295.0839999998,21.0,0.04221212699499104
2018-07-30,2886.TW,1486000.0,27.25,0.04075313510530467
2018-07-30,2912.TW,115000.0,330.0,0.03819332676222881
2018-07-30,3008.TW,8000.0,5180.0,0.04170570384787251
2018-07-30,3363.TWO,1451000.0,26.95,0.03935517883286531
2018-07-30,3491.TWO,513000.0,74.2,0.03830866155134479
2018-07-30,3529.TWO,104000.0,328.0,0.034330718379793124
2018-07-30,4123.TWO,561000.0,93.3,0.05267690050223575
2018-07-30,5347.TWO,573000.0,77.2,0.044519228598768085
2018-07-30,5903.TWO,216000.0,193.0,0.041955293967425415
2018-07-30,6274.TWO,372000.0,116.5,0.04361587339187015
2018-07-30,6415.TW,53000.0,702.0,0.03744455640357009
2018-07-30,6548.TWO,99000.0,380.0,0.03786121087733986
2018-07-30,8415.TWO,1326000.0,32.4,0.04323786513016018
2018-07-31,1216.TW,516000.0,80.79999999999998,0.041814535988537946
2018-07-31,1301.TW,355000.0,112.5,0.040054110806715656
2018-07-31,1303.TW,458000.0,84.9,0.03899773534724239
2018-07-31,1326.TW,329000.0,120.5,0.039760255295820696
2018-07-31,1402.TW,1276000.0,32.6,0.0417190580204929
2018-07-31,2303.TW,2188000.0,17.55,0.03851151981249195
2018-07-31,2327.TW,41934.094999999994,781.0,0.03284615424853822
2018-07-31,2882.TW,743000.0,52.7,0.03927042924967359
2018-07-31,2884.TW,1997295.0839999998,21.35,0.042766758266942574
2018-07-31,2886.TW,1486000.0,27.25,0.04061173423353341
2018-07-31,2912.TW,115000.0,336.5,0.03881049021453219
2018-07-31,3008.TW,8000.0,5150.0,0.041320297095128265
2018-07-31,3363.TWO,1451000.0,26.8,0.039000342938806644
2018-07-31,3491.TWO,513000.0,73.79999999999998,0.03796994310299269
2018-07-31,3529.TWO,104000.0,329.0,0.03431590498560458
2018-07-31,4123.TWO,561000.0,93.6,0.052662919231707454
2018-07-31,5347.TWO,573000.0,78.0,0.04482449898955492
2018-07-31,5903.TWO,216000.0,197.0,0.042676244708541214
2018-07-31,6274.TWO,372000.0,117.5,0.04383762587446739
2018-07-31,6415.TW,53000.0,703.0,0.03736779003561612
2018-07-31,6548.TWO,99000.0,379.0,0.037630555031706495
2018-07-31,8415.TWO,1326000.0,32.5,0.04322083017753769
2018-08-01,1216.TW,516000.0,78.79999999999998,0.040814863445506736
2018-08-01,1301.TW,355000.0,113.0,0.0402669954136786
2018-08-01,1303.TW,458000.0,84.79999999999998,0.038985558386504165
2018-08-01,1326.TW,329000.0,120.0,0.03962958940376496
2018-08-01,1402.TW,1276000.0,32.3,0.0413709625470692
2018-08-01,2303.TW,2188000.0,17.4,0.03821545147184945
2018-08-01,2327.TW,41934.094999999994,795.0,0.03346392144529979
2018-08-01,2882.TW,743000.0,52.5,0.03915529910504968
2018-08-01,2884.TW,1997295.0839999998,21.4,0.0429040643282035
2018-08-01,2886.TW,1486000.0,27.45,0.04094525563556624
2018-08-01,2912.TW,115000.0,306.0,0.03532333462812788
2018-08-01,3008.TW,8000.0,5050.0,0.04055307527639575
2018-08-01,3363.TWO,1451000.0,26.8,0.03903414177371649
2018-08-01,3491.TWO,513000.0,75.9,0.03908423084441679
2018-08-01,3529.TWO,104000.0,330.0,0.03445003820509659
2018-08-01,4123.TWO,561000.0,96.7,0.054454247889767576
2018-08-01,5347.TWO,573000.0,77.59999999999998,0.044633276771036665
2018-08-01,5903.TWO,216000.0,195.0,0.04227959234261854
2018-08-01,6274.TWO,372000.0,122.5,0.04574266436498402
2018-08-01,6415.TW,53000.0,703.0,0.03740017405255518
2018-08-01,6548.TWO,99000.0,379.0,0.03766316676845656
2018-08-01,8415.TWO,1326000.0,32.7,0.04352449145048454
2018-08-02,1216.TW,516000.0,73.9,0.03806634718697801
2018-08-02,1301.TW,355000.0,112.0,0.039691127863817795
2018-08-02,1303.TW,458000.0,83.59999999999998,0.03822247627143225
2018-08-02,1326.TW,329000.0,118.0,0.03875475266421364
2018-08-02,1402.TW,1276000.0,30.75,0.03916903380263125
2018-08-02,2303.TW,2188000.0,17.3,0.037786832202021545
2018-08-02,2327.TW,41934.094999999994,716.0,0.02997280314318192
2018-08-02,2882.TW,743000.0,52.0,0.03856907485277827
2018-08-02,2884.TW,1997295.0839999998,21.25,0.04236900174591039
2018-08-02,2886.TW,1486000.0,27.35,0.040571699893210994
2018-08-02,2912.TW,115000.0,305.5,0.035071643603510526
2018-08-02,3008.TW,8000.0,5005.0,0.03997064284877425
2018-08-02,3363.TWO,1451000.0,26.4,0.03824004578477238
2018-08-02,3491.TWO,513000.0,74.09999999999998,0.03794745349159116
2018-08-02,3529.TWO,104000.0,330.0,0.03426055101323507
2018-08-02,4123.TWO,561000.0,95.7,0.05359470234945399
2018-08-02,5347.TWO,573000.0,73.7,0.042156949165035505
2018-08-02,5903.TWO,216000.0,196.0,0.04226266572541725
2018-08-02,6274.TWO,372000.0,118.0,0.043819963498746124
2018-08-02,6415.TW,53000.0,700.0,0.03703573550673139
2018-08-02,6548.TWO,99000.0,380.0,0.03755483476450768
2018-08-02,8415.TWO,1326000.0,32.85,0.04348364707577529
